130454038.000000
127879706.000000
128083605.000000
128128636.000000
129562672.000000
129505515.000000
129838193.000000
127498743.000000
130125009.000000
126993792.000000
127819435.000000
129503169.000000
129000270.000000
129099508.000000
128191806.000000
132154693.000000
134594267.000000
128589220.000000
127553729.000000
127992685.000000
131024608.000000
126357530.000000
129059920.000000
128320403.000000
126863811.000000
127051670.000000
127375732.000000
126936588.000000
128052664.000000
127063395.000000
