
8871346.000000 

8492588.000000 

8113786.000000 

7891803.000000 

8636551.000000 

8235916.000000 

8014910.000000 

7775711.000000 

8522234.000000 

8202473.000000 

7929384.000000 

8616889.000000 

8273990.000000 

7955670.000000 

8647718.000000 

8361362.000000 

7991648.000000 

7550106.000000 

8163109.000000 

7902158.000000 

8715983.000000 

8406865.000000 

8207278.000000 

7857880.000000 

8591916.000000 

8184777.000000 

7924139.000000 

8670875.000000 

8365874.000000 

7988678.000000 
