
44980450.000000 

46275175.000000 

44817035.000000 

45665828.000000 

46025716.000000 

46340139.000000 

45371564.000000 

45561387.000000 

47044875.000000 

45617279.000000 

46705780.000000 

45348463.000000 

44988282.000000 

44313752.000000 

46648247.000000 

47670051.000000 

47099814.000000 

45092253.000000 

45261874.000000 

45210200.000000 

45242478.000000 

44801855.000000 

45969441.000000 

44593626.000000 

45630060.000000 

47017518.000000 

44811898.000000 

45601587.000000 

45401355.000000 

45565384.000000 
