
2361344.000000 

2145344.000000 

1915482.000000 

2669185.000000 

2413794.000000 

2205643.000000 

1943195.000000 

2776133.000000 

2526287.000000 

2276095.000000 

2060072.000000 

1841740.000000 

2654400.000000 

2517595.000000 

2324031.000000 

2177091.000000 

2016636.000000 

1862488.000000 

2765318.000000 

2626634.000000 

2546022.000000 

2476242.000000 

2398859.000000 

2286307.000000 

2220033.000000 

2274161.000000 

2326273.000000 

2374999.000000 

2238009.000000 

2295489.000000 
