
4798682.000000 

5022040.000000 

4191113.000000 

4370008.000000 

4566302.000000 

4699850.000000 

4890241.000000 

5176491.000000 

4434446.000000 

4738734.000000 

5046363.000000 

4256714.000000 

4507510.000000 

4757346.000000 

4991850.000000 

4253547.000000 

4509763.000000 

5723721.000000 

5937185.000000 

5171650.000000 

4399947.000000 

4793492.000000 

5038579.000000 

4385371.000000 

4721464.000000 

4986205.000000 

4185150.000000 

4475559.000000 

4664275.000000 

4931476.000000 
