
491215259.000000 

490963180.000000 

491338454.000000 

489434681.000000 

496170466.000000 

505123478.000000 

491050334.000000 

494507152.000000 

492371623.000000 

502650760.000000 

490005501.000000 

492767217.000000 

511665099.000000 

527248074.000000 

488006862.000000 

490797798.000000 

497187481.000000 

500351543.000000 

492552093.000000 

499265356.000000 

495864303.000000 

498687998.000000 

491914351.000000 

496911725.000000 

491005672.000000 

486803497.000000 

488850698.000000 

489541625.000000 

490311472.000000 

500465766.000000 
